3670
9634
4044
2762
8426
8472
2608
8310
9492
3314
9074
7796
5034
9496
9802
2448
3840
2264
6156
3388
4622
3032
7300
6410
8352
640
9900
7958
1252
9476
454
4770
6450
822
2534
4206
966
8934
9838
2526
8092
288
6034
364
6812
3918
9970
9734
7620
2468
9406
2100
2066
7294
5660
2288
7748
1752
3474
4346
3236
6458
6312
8116
5492
3272
9086
7204
9906
1646
5562
4146
7120
2136
7974
2730
3992
3248
2528
2372
8080
1254
6838
9050
4134
7218
2236
2506
8808
5750
4204
6940
4374
7666
6762
4258
2782
8444
6148
1658
3162
9076
1918
1966
4950
3600
8404
6642
9926
9330
7120
5270
1658
4288
9866
1308
6710
4028
7128
5864
4826
2620
2618
7990
6790
9896
8952
5624
2214
1138
502
2944
7230
3140
3528
1786
1626
3002
7262
3694
1840
3148
8598
3532
6572
7884
9118
2030
9124
5644
5892
1272
4482
8596
2626
5310
6962
4568
1884
4360
960
7156
8208
3590
584
4010
1046
2306
4440
1020
2866
248
1614
4744
1862
1784
6274
9414
1288
9480
9160
6826
5930
7800
2012
2260
8766
2016
5762
8212
4896
3506
4622
1460
6192
1582
298
32
6260
3870
900
314
8402
412
8896
4600
674
3982
1748
2814
5308
4864
674
164
3214
6128
5330
7494
4
8494
7662
8166
2246
7560
1188
4240
6026
14
4060
4100
5906
6976
9012
2222
8612
7752
4138
842
7704
890
6860
9166
5254
5932
9448
9772
3530
3066
2628
2874
5116
4820
6304
1282
6664
7418
9018
5622
2524
8826
976
4546
1220
9052
8412
7106
1696
9854
1502
3626
3490
8334
7410
6656
96
6558
6848
7114
7358
2498
4942
3844
9158
2698
874
2150
2230
9820
4858
4500
4766
4128
4364
5556
3632
2912
6842
7666
3846
1672
1290
8074
8932
2672
6490
8130
7582
7942
60
5388
7456
5010
7622
1478
7056
3238
8840
8660
2734
6538
3586
1986
2450
8874
7120
3738
4050
4476
1990
5624
8900
8560
5354
4576
1162
986
7050
8102
5936
5622
3818
2608
8942
1798
9812
5280
2926
9100
2574
2856
8708
9416
4820
6316
8398
9744
6378
3714
8850
4222
6330
2596
9934
8920
9710
166
6212
4216
624
5968
2680
2656
9250
4606
1012
3256
6966
1878
5142
5128
1096
1620
9122
4292
3264
8748
4004
7946
3556
5976
7730
9194
2592
9172
436
8966
4178
7798
6478
9632
9138
246
7478
8632
2244
516
462
4712
6414
1546
596
2658
764
5858
6248
7534
5850
9890
5544
5344
6834
5924
4186
3938
2920
954
9272
6028
1664
1308
4412
7434
5396
5014
8340
6700
7218
3900
4234
6564
2548
5680
3252
6952
8602
9256
3526
1574
7516
5572
5238
4930
1556
330
3028
938
3346
4804
1870
9252
6492
3048
5946
7412
9868
9826
3382
6446
5738
2406
4068
7966
5624
8876
9284
8432
550
6022
1368
3450
2804
6816
3074
7850
9388
7204
3614
1344
8630
1268
5366
4796
6128
6550
5636
6826
584
6804
7102
4172
9906
172
3898
6444
2114
2618
1596
2276
8768
