626
962
288
2
50
294
610
990
1040
1688
1274
232
262
1904
1736
1590
830
844
756
308
686
484
1980
1852
936
1810
1792
508
1126
396
822
824
92
262
1186
1556
1368
666
602
1014
1632
134
210
126
1622
1650
490
210
724
386
496
1720
674
80
1840
1228
92
44
934
654
732
322
1614
216
1300
1146
934
1906
602
1956
1288
490
1146
544
1462
1306
1026
1220
784
402
1624
1330
1910
276
1658
1384
808
360
1592
900
1904
146
190
58
326
1480
1292
758
330
170
236
1028
1586
886
1000
1414
260
390
386
250
1722
106
538
1312
744
684
972
870
1846
66
246
1014
1196
222
936
874
1882
524
1796
540
818
1808
786
716
128
1340
80
82
576
374
296
802
1442
424
1766
386
2
1842
1386
290
1028
1724
328
1632
1634
296
44
1216
96
1478
824
472
1074
466
1258
1574
62
410
788
1568
284
970
1244
68
1272
846
180
1822
972
880
446
434
156
762
1898
534
1294
1486
1546
936
620
1972
1848
1500
162
1516
570
564
1882
160
1050
1790
984
1474
1542
1282
518
556
1948
1444
1188
1416
1336
310
1942
538
1818
26
1504
630
1868
1686
1228
26
1718
1680
1224
944
1198
1640
1870
1018
1814
1344
1862
196
1942
636
1452
1640
1014
1062
1074
468
436
162
1096
1798
810
1366
1376
1048
510
1702
312
830
1892
46
660
160
1866
1250
1468
784
46
256
272
844
1686
1430
756
1356
1550
944
282
1604
1538
1452
1840
1182
1278
1960
362
44
1190
1326
1162
1132
1550
1526
650
1642
644
1842
1374
736
1138
32
1568
1862
1258
1266
1454
1548
268
248
258
812
1014
144
1790
1298
1326
1490
696
1352
1476
164
1280
24
1028
1178
748
612
862
296
152
674
1614
1064
1300
1820
1044
176
1514
268
228
810
1422
1512
436
234
556
1374
1950
894
1076
1514
1228
898
1526
974
1158
1402
1680
1502
1560
800
1264
186
534
1448
1006
460
1608
1046
1130
974
104
1174
1738
276
306
832
1630
500
968
1242
604
458
220
1020
1790
1034
296
1190
1564
702
794
1062
912
930
1354
1486
1010
1962
864
1780
946
1982
372
246
520
1538
1472
296
1242
1560
1516
950
1394
1964
170
554
1742
30
1120
1236
530
1090
1750
498
698
1102
366
572
1172
1774
322
1308
1368
998
800
1016
1346
658
1086
864
1080
1262
1422
1668
1916
1222
1066
1912
696
728
1808
140
856
1312
1164
1642
1446
152
1552
1484
450
398
1606
112
1666
648
1638
902
494
1216
752
1918
884
1392
570
410
190
748
1586
890
374
122
222
1100
486
1056
1470
1358
806
1836
1668
1196
1188
1522
1500
1204
1678
564
632
1476
640
746
1240
584
1152
884
378
122
148
946
1592
138
1816
1778
