6981
3670
9634
4044
2762
1071
8559
5397
8426
7751
7109
8472
1513
6565
2608
1647
79
8310
9492
3314
9074
7861
9623
7796
8465
5034
3329
959
9731
9496
341
3801
1841
9802
2448
6783
6413
3840
983
8315
2264
2139
6156
3388
4622
3032
7300
3611
6410
8352
640
9900
2577
7958
4077
1252
9476
454
3649
1197
5767
4770
9169
4271
6450
822
2407
2534
9651
2531
2897
4206
966
9861
8934
9545
6817
9838
2526
8092
5123
288
6034
9369
4667
857
2375
364
6812
5493
3918
5397
1441
9970
2569
9734
427
8181
7620
2468
9406
885
2100
2066
1
2297
141
4505
4939
8195
6289
7294
2945
5660
2288
7748
4099
2447
6657
7807
1752
3474
4346
1591
3236
6458
6312
1025
8116
3857
5492
3115
3979
4557
3272
9086
8217
7204
4723
9906
1646
6883
5562
7181
4146
7120
2136
5533
7373
5669
2635
3413
5633
6385
8889
2109
7974
2730
4749
3992
3248
2771
2528
2372
8080
1254
1405
8395
9057
6838
9050
4134
7218
3235
4761
1309
2236
4269
2506
8808
6881
5750
9211
3379
5215
4204
3491
6940
4374
7666
9813
6762
467
4095
4071
4258
2782
8444
2399
6148
1658
3879
827
3162
9076
1918
1966
4950
3600
4321
8404
6642
9926
9330
7120
5270
1959
1658
4288
8387
29
9866
1308
6710
1453
2759
4028
5325
7128
5864
9933
4826
2620
9383
7573
2618
2259
2825
9707
9523
5
7990
3629
8491
4451
6790
9896
7273
9995
733
6317
3987
8952
5624
2214
1138
502
2944
6241
7230
3140
6585
3528
1786
1626
427
5799
5999
3002
7262
3375
8735
3694
1840
3148
8598
3532
6572
7884
7081
7213
9118
8769
2030
6761
1129
9124
2155
4979
5644
8857
5051
7393
5892
1272
4482
5225
8596
2626
7863
5581
5310
4491
6962
6261
5633
4568
1884
2487
4453
4360
960
2025
7156
2899
5719
6025
8208
7089
3590
2501
584
4991
3713
4010
1765
6239
1046
7269
2306
4440
5649
1020
2866
2113
248
1614
4744
5367
4163
1862
1784
6274
6225
9414
9559
1519
3079
6159
4791
2003
1288
8293
9480
4749
6225
9160
6826
5930
2933
2133
7800
2012
6917
2260
9759
6913
7499
4845
8766
2016
5762
8212
4896
3506
3637
4622
1460
6192
7563
1582
3447
298
2913
32
4037
2515
6260
3870
900
314
7133
8402
412
8896
4600
2997
379
7137
674
3982
4297
1748
2814
5308
9303
4864
1453
674
4067
164
1049
1241
3214
3493
5697
2751
1045
9597
9925
8695
6128
5330
747
7494
4
8191
4435
8494
7662
8166
8445
2547
2246
7560
4195
8227
1371
1188
4240
6026
7421
7535
2989
14
4060
4100
2849
8315
6955
2133
5906
6976
2653
9012
2222
5041
1911
8612
2955
7752
4138
7373
9249
842
7704
890
6860
4871
9166
5254
3149
7215
4903
5932
5563
9448
2093
3601
9313
3181
1449
9772
3991
7655
5935
3635
3530
3066
2628
2665
2874
5116
4820
1275
6304
7399
2643
7381
1282
2961
3455
6664
3121
1439
4797
7418
9018
421
7495
1537
5622
2524
9915
2857
703
8826
976
373
6519
6455
9991
7555
4546
491
1220
9052
9573
6217
8412
7106
4293
1696
557
9854
7567
3875
1502
3626
3490
3883
8334
6167
7410
6656
3095
3353
96
2057
6558
3807
6313
5495
3269
9971
391
8597
6848
6979
5999
7114
7358
803
2498
2205
4942
9079
3844
9158
2698
874
5019
2150
2230
9820
2735
4858
6587
3133
4500
4766
4128
9673
4364
5556
3632
2912
6842
7666
3846
1672
1290
1683
1769
8074
8932
2672
6490
8879
8130
7582
7942
9661
60
5388
7456
5010
7622
1478
7056
9449
3238
735
9983
9569
8840
8660
2734
1075
8873
6538
3586
1986
2339
3039
7443
2450
8874
9395
7120
9889
6005
149
7387
3738
4131
9413
4050
9871
4476
4375
1990
839
7827
5091
5624
8900
8560
6767
9631
8303
5967
5354
4576
1162
137
1487
277
986
383
1607
3871
3579
1243
7050
7455
8102
7827
4127
8599
1437
5936
6219
2937
5622
4171
3818
2525
2608
8942
6499
691
1798
9812
8641
1519
6569
5280
2926
9100
2574
2197
2811
5917
2856
8708
2215
9416
4387
5145
7661
4820
7693
6316
6595
5581
8889
3135
8398
9744
2535
5777
7905
9811
1621
7949
6378
8995
3714
5149
8850
4222
6330
3725
2596
9934
2437
1419
2855
8920
3215
9710
166
1149
8199
6523
419
6212
549
4216
624
5968
4243
7841
2680
2656
9250
9455
7531
4606
9619
1012
3256
991
6966
1878
5142
5128
1096
9947
7257
9921
9605
2095
1355
1620
6979
9122
4292
3264
4019
8748
3697
4004
4829
7946
3556
1589
951
5976
7107
313
6143
7730
9194
2592
5537
9172
436
8966
2603
3285
5257
6493
4178
7798
2477
6478
9632
2821
8601
2147
9138
2461
246
7478
4391
9757
8632
2244
516
462
9785
4712
4495
6283
9711
6414
6395
1546
4195
596
7157
4065
7875
1621
9515
5843
2658
764
5858
4441
6248
7534
9105
5850
8101
9890
3289
5889
5544
5465
5344
2135
6834
5924
4186
3938
2920
417
954
9272
6028
1664
1308
6897
4412
9435
7434
5396
5014
2975
8340
6700
7218
3900
2049
4234
5251
6564
2548
5680
3252
8885
6952
8602
9256
3526
1574
7516
807
5572
5238
4235
6085
4930
1556
330
9149
4737
5635
4699
3028
3847
2091
938
3705
3346
4804
8513
8263
1870
6699
9252
6492
4229
3048
4799
5946
7412
9868
5941
9826
491
5973
3382
8913
1943
6446
6891
3485
5738
8841
2406
2961
4679
4068
381
7966
5624
8876
9179
9284
8432
4575
550
3437
6022
1368
3450
4173
6571
2804
6816
3074
7850
7193
9388
9189
965
6775
8623
147
7204
3439
3614
8533
4379
5649
1344
8630
4243
5353
1268
5366
1947
4796
6128
6550
7589
5636
6826
225
509
584
9945
2659
5451
6804
7102
3919
1067
5141
1609
4172
9906
172
3898
6444
6579
5535
339
8989
1791
2114
2618
1596
2276
5833
8768
