6981
1071
8559
5397
7751
7109
1513
6565
1647
79
7861
9623
8465
3329
959
9731
341
3801
1841
6783
6413
983
8315
2139
3611
2577
4077
3649
1197
5767
9169
4271
2407
9651
2531
2897
9861
9545
6817
5123
9369
4667
857
2375
5493
5397
1441
2569
427
8181
885
1
2297
141
4505
4939
8195
6289
2945
4099
2447
6657
7807
1591
1025
3857
3115
3979
4557
8217
4723
6883
7181
5533
7373
5669
2635
3413
5633
6385
8889
2109
4749
2771
1405
8395
9057
3235
4761
1309
4269
6881
9211
3379
5215
3491
9813
467
4095
4071
2399
3879
827
4321
1959
8387
29
1453
2759
5325
9933
9383
7573
2259
2825
9707
9523
5
3629
8491
4451
7273
9995
733
6317
3987
6241
6585
427
5799
5999
3375
8735
7081
7213
8769
6761
1129
2155
4979
8857
5051
7393
5225
7863
5581
4491
6261
5633
2487
4453
2025
2899
5719
6025
7089
2501
4991
3713
1765
6239
7269
5649
2113
5367
4163
6225
9559
1519
3079
6159
4791
2003
8293
4749
6225
2933
2133
6917
9759
6913
7499
4845
3637
7563
3447
2913
4037
2515
7133
2997
379
7137
4297
9303
1453
4067
1049
1241
3493
5697
2751
1045
9597
9925
8695
747
8191
4435
8445
2547
4195
8227
1371
7421
7535
2989
2849
8315
6955
2133
2653
5041
1911
2955
7373
9249
4871
3149
7215
4903
5563
2093
3601
9313
3181
1449
3991
7655
5935
3635
2665
1275
7399
2643
7381
2961
3455
3121
1439
4797
421
7495
1537
9915
2857
703
373
6519
6455
9991
7555
491
9573
6217
4293
557
7567
3875
3883
6167
3095
3353
2057
3807
6313
5495
3269
9971
391
8597
6979
5999
803
2205
9079
5019
2735
6587
3133
9673
1683
1769
8879
9661
9449
735
9983
9569
1075
8873
2339
3039
7443
9395
9889
6005
149
7387
4131
9413
9871
4375
839
7827
5091
6767
9631
8303
5967
137
1487
277
383
1607
3871
3579
1243
7455
7827
4127
8599
1437
6219
2937
4171
2525
6499
691
8641
1519
6569
2197
2811
5917
2215
4387
5145
7661
7693
6595
5581
8889
3135
2535
5777
7905
9811
1621
7949
8995
5149
3725
2437
1419
2855
3215
1149
8199
6523
419
549
4243
7841
9455
7531
9619
991
9947
7257
9921
9605
2095
1355
6979
4019
3697
4829
1589
951
7107
313
6143
5537
2603
3285
5257
6493
2477
2821
8601
2147
2461
4391
9757
9785
4495
6283
9711
6395
4195
7157
4065
7875
1621
9515
5843
4441
9105
8101
3289
5889
5465
2135
417
6897
9435
2975
2049
5251
8885
807
4235
6085
9149
4737
5635
4699
3847
2091
3705
8513
8263
6699
4229
4799
5941
491
5973
8913
1943
6891
3485
8841
2961
4679
381
9179
4575
3437
4173
6571
7193
9189
965
6775
8623
147
3439
8533
4379
5649
4243
5353
1947
7589
225
509
9945
2659
5451
3919
1067
5141
1609
6579
5535
339
8989
1791
5833
