1937
1301
1227
901
577
1735
1917
381
1821
1727
1567
829
431
15
1297
1717
1845
1737
1557
1979
303
323
1739
1591
1657
605
1347
1697
813
1661
729
1343
1541
25
123
481
365
775
139
617
785
231
1511
53
815
1561
1535
1115
1649
1685
179
1449
1643
1823
257
539
1305
1861
141
1187
1459
419
11
591
1219
467
1355
1023
1271
1327
1543
1819
1481
1385
1607
623
1271
1837
231
1745
549
505
1849
1125
1601
1685
989
235
575
275
279
227
613
1871
1369
1309
1915
479
811
581
943
153
337
1991
373
357
123
1335
325
1873
1691
1635
747
413
553
1225
1139
47
1363
477
245
1715
27
961
1783
945
1407
1041
877
21
597
1497
711
649
237
349
1185
487
1671
79
217
677
1373
1557
901
1477
579
1343
1569
1499
525
1559
951
1261
33
327
49
467
1793
153
1773
647
1579
987
1009
1353
491
1519
1019
1429
773
667
1049
1819
911
885
891
471
445
1931
1121
1229
355
993
1201
1665
857
1865
1109
95
1301
1525
1257
1839
805
409
535
127
1099
255
547
983
747
43
1997
1267
541
1915
527
1605
1
1679
483
1363
813
1253
1305
407
1499
1703
1477
1577
1245
965
1205
941
1035
1829
483
1547
1481
513
1701
1961
999
1633
1781
1031
1651
1027
1707
45
683
725
1661
1649
721
1705
663
1991
1797
705
1703
343
967
1039
1355
1307
1385
539
1127
1929
1263
533
1891
1227
1911
531
1713
865
989
791
1539
621
1577
1281
21
247
1167
1289
1367
671
203
1587
1847
1133
555
973
1211
1727
241
1703
1855
1645
933
1911
87
1673
1877
905
721
1523
285
1529
1285
1567
1181
1507
1313
283
431
1699
1817
1947
255
335
1613
1487
1477
791
1557
187
785
1715
829
547
1405
1319
1373
807
1181
395
947
21
489
1971
473
1939
1297
1199
217
1113
565
1967
437
237
1049
1123
439
1475
629
1177
1533
565
595
749
517
161
881
1715
1967
1285
417
1477
1683
1035
371
657
1027
1985
367
1209
1685
1917
645
313
1495
635
11
1269
75
483
789
1855
177
753
1943
1081
431
701
1425
573
995
1151
397
1493
505
1397
1923
1407
693
873
465
1495
99
1959
1683
459
1881
735
1533
309
107
697
713
575
775
1973
441
1471
581
1955
1525
151
883
269
1961
1375
303
1765
1463
487
485
1491
997
1175
1797
1095
699
1409
1449
197
1837
1981
1657
1339
1001
1109
1661
967
1875
1375
71
899
991
1745
191
127
847
1787
525
1127
1353
1547
1231
817
1747
1321
471
1753
111
289
85
231
1001
459
1169
1859
673
1585
1939
179
871
331
495
1675
809
1529
