1937
1301
626
962
1227
288
901
2
50
577
294
1735
1917
610
990
1040
381
1688
1274
232
1821
262
1904
1736
1590
1727
1567
830
829
844
431
756
15
308
1297
1717
1845
686
1737
484
1557
1980
1852
1979
303
323
1739
936
1591
1657
605
1347
1810
1697
1792
508
813
1126
1661
729
396
822
824
1343
1541
92
262
1186
25
123
481
365
775
139
617
1556
1368
785
231
1511
53
815
666
1561
602
1014
1632
134
1535
210
126
1115
1649
1685
1622
179
1449
1643
1650
490
210
724
1823
386
496
257
539
1305
1861
141
1187
1459
419
11
1720
674
80
591
1219
1840
1228
467
1355
1023
1271
92
1327
1543
1819
44
934
1481
1385
654
732
1607
623
322
1271
1614
1837
216
231
1745
549
505
1849
1300
1125
1601
1146
934
1906
1685
989
602
235
575
275
1956
1288
279
490
227
613
1146
544
1871
1369
1309
1915
1462
479
811
1306
1026
1220
581
784
943
402
153
337
1624
1330
1910
276
1658
1384
808
360
1592
1991
900
373
1904
146
190
357
58
123
326
1480
1335
1292
758
325
330
170
1873
236
1691
1028
1586
886
1635
1000
747
413
553
1414
260
1225
1139
47
1363
390
386
250
477
245
1722
106
538
1715
1312
27
744
684
972
961
870
1846
1783
66
246
1014
1196
945
222
936
1407
874
1041
877
1882
524
1796
540
818
1808
786
716
128
21
597
1340
80
1497
82
711
649
237
576
374
296
802
1442
424
349
1766
386
2
1842
1185
487
1671
79
217
1386
290
1028
1724
328
1632
1634
677
296
1373
44
1557
901
1216
96
1477
1478
579
824
1343
1569
1499
472
1074
525
1559
466
951
1261
1258
33
327
1574
62
49
467
410
1793
153
788
1773
1568
647
284
1579
987
970
1009
1353
1244
68
1272
846
180
491
1519
1822
1019
972
880
1429
773
667
446
434
1049
1819
156
911
762
1898
534
1294
885
891
1486
1546
471
936
620
445
1931
1121
1229
355
1972
1848
1500
993
1201
1665
162
857
1516
1865
570
1109
564
1882
160
1050
1790
984
95
1474
1301
1525
1542
1282
518
556
1948
1257
1444
1188
1416
1839
1336
310
1942
538
1818
805
409
535
26
127
1504
630
1868
1099
255
1686
1228
26
547
983
1718
747
1680
1224
43
944
1198
1997
1640
1870
1267
1018
541
1915
1814
1344
1862
527
196
1942
636
1605
1452
1
1679
1640
1014
483
1062
1363
813
1253
1305
407
1499
1703
1477
1577
1245
965
1074
1205
941
468
436
1035
1829
162
1096
483
1547
1481
513
1701
1798
1961
810
1366
999
1376
1633
1781
1031
1651
1048
510
1027
1707
45
683
725
1702
312
1661
1649
721
830
1892
46
1705
663
660
1991
160
1866
1250
1797
705
1703
1468
784
343
967
1039
46
1355
256
272
844
1307
1385
1686
1430
539
1127
1929
756
1263
1356
533
1550
944
282
1891
1227
1604
1538
1911
531
1452
1840
1182
1278
1960
1713
865
989
362
44
1190
791
1539
621
1577
1281
21
247
1326
1162
1132
1550
1526
650
1642
1167
1289
644
1842
1374
736
1138
1367
671
203
1587
1847
32
1568
1133
1862
555
1258
1266
973
1454
1548
1211
1727
268
241
248
1703
1855
258
812
1014
1645
933
1911
87
144
1673
1877
905
721
1790
1298
1326
1523
1490
696
1352
285
1476
1529
1285
164
1280
1567
1181
24
1028
1507
1313
283
1178
431
1699
748
1817
612
1947
255
335
862
1613
296
1487
1477
791
152
674
1614
1064
1300
1820
1557
187
1044
785
176
1514
1715
268
228
810
829
547
1422
1512
1405
436
1319
234
1373
807
1181
556
1374
395
947
1950
21
489
894
1971
1076
473
1514
1228
1939
898
1297
1199
217
1113
1526
565
1967
974
1158
437
237
1049
1123
1402
439
1475
1680
1502
1560
629
1177
1533
800
1264
186
534
1448
1006
565
460
1608
595
1046
1130
974
749
104
517
161
1174
1738
881
1715
276
1967
306
1285
417
832
1630
1477
500
1683
1035
968
1242
604
371
458
657
1027
1985
367
220
1020
1209
1790
1685
1917
645
313
1034
296
1495
1190
635
1564
702
794
11
1062
1269
912
75
930
483
1354
789
1855
177
1486
753
1010
1962
1943
864
1780
1081
946
1982
431
701
372
1425
573
995
1151
397
246
520
1493
1538
505
1472
296
1242
1397
1923
1560
1407
1516
950
693
1394
873
465
1495
1964
99
170
554
1742
1959
30
1683
1120
1236
530
1090
1750
459
498
1881
698
735
1102
366
1533
309
572
107
1172
697
1774
713
575
775
322
1308
1368
998
800
1016
1973
441
1471
1346
658
581
1955
1086
864
1525
1080
151
883
1262
1422
1668
1916
269
1961
1222
1066
1912
696
728
1808
140
856
1375
1312
303
1164
1642
1765
1463
1446
487
485
1491
152
1552
997
1175
1797
1095
699
1409
1449
197
1837
1484
1981
1657
450
398
1339
1606
112
1001
1109
1661
967
1666
648
1875
1638
902
1375
71
494
1216
752
899
991
1918
1745
191
127
884
847
1392
570
1787
525
410
190
748
1127
1353
1547
1231
817
1586
890
374
1747
1321
122
222
1100
486
471
1056
1753
111
289
1470
1358
85
806
231
1836
1001
1668
1196
459
1188
1169
1522
1859
673
1585
1500
1939
1204
1678
564
632
179
871
1476
640
331
495
746
1240
584
1152
884
378
122
1675
809
148
946
1592
138
1816
1778
1529
